# Created by Octave 5.1.0, Tue Jul 30 11:39:46 2019 BST <will@Intelligent-Elephant>

# name: duck_population
# type: matrix
# rows: 3
# columns: 7
 38 33 39 46 39 43 17
 38 26 35 30 8 35 28
 12 4 10 9 14 2 22


