# Created by Octave 5.1.0, Tue Aug 27 12:36:14 2019 BST <will@Intelligent-Elephant>
# name: student1
# type: matrix
# rows: 4
# columns: 10
 81 69 70 60 73 66 59 73 64 60
 86 59 55 59 69 52 69 92 66 61
 62 56 57 69 81 69 67 45 54 70
 71 58 69 80 58 68 64 62 70 81


# name: student2
# type: matrix
# rows: 4
# columns: 10
 56 49 47 50 51 53 45 45 55 71
 59 59 59 67 57 64 48 58 59 49
 49 67 56 51 60 46 47 68 68 33
 61 66 48 64 67 50 64 58 57 57


# name: student3
# type: matrix
# rows: 4
# columns: 10
 75 70 63 66 64 75 68 70 67 73
 70 68 76 67 67 66 74 81 76 61
 76 61 73 67 73 66 74 66 76 60
 66 73 70 74 72 73 67 79 69 64


# name: student4
# type: matrix
# rows: 4
# columns: 10
 25 33 29 63 63 48 62 47 7 39
 51 51 55 39 30 76 47 91 29 36
 44 85 71 49 73 62 55 20 53 54
 59 64 70 39 53 38 21 54 92 74


# name: student5
# type: matrix
# rows: 4
# columns: 10
 43 38 40 29 29 31 39 52 47 35
 38 58 32 52 43 26 50 35 45 42
 48 40 49 22 52 43 48 51 38 33
 30 37 51 58 36 49 47 47 46 37


# name: student6
# type: matrix
# rows: 4
# columns: 10
 36 29 36 31 26 31 33 39 31 18
 27 32 29 24 33 36 25 35 37 33
 31 30 33 26 27 39 30 29 26 28
 33 38 41 20 34 37 37 31 31 26


# name: student7
# type: matrix
# rows: 4
# columns: 10
 38 40 38 39 39 40 38 39 39 37
 41 38 38 39 40 37 39 39 39 38
 40 40 37 39 37 39 39 40 40 40
 41 40 40 38 39 37 41 41 41 38


